#KIC		Porb 		BJD0		    RA			Dec			Kep mag  Dist   Dist Err
3955867	  33.65685	    54960.8989  	19:27:43.2	39:04:19.6	13.547	 2690   84
4569590	  41.364882	    55039.895295	19:35:27.0	39:41:24.4	12.799	 nan    nan
4663623	 358.08		    54962.684595	19:36:47.7	39:45:28.8	12.830	 nan    nan
5179609	  43.930966	    54967.217779	19:18:26.7	40:20:08.9	12.776	 nan    nan
5308778	  40.565500	    54949.762109	19:58:18.6	40:27:30.6	11.777	 nan    nan
5640750	 987.40		    55269.238718	19:48:48.4	40:53:32.6	11.565	 nan    nan
5786154	 197.9182	    55162.6140  	19:21:01.4	41:01:04.8	13.534	 3580   110
7037405	 207.1082	    55112.7655  	19:31:54.3	42:32:51.7	11.875	 1960   60
7377422	 107.622847	    54986.644426	19:43:43.3	42:57:04.3	13.562	 nan    nan
7943602	  14.692016	    54967.665197	18:58:22.5	43:45:37.4	13.988	 nan    nan
8054233	1058.23         54751.806288    19:56:58.5	43:48:51.8	11.783	 nan    nan
8410637	 408.32		    54972.629637	18:48:38.1	44:29:10.0	10.771	 nan    nan
8430105	  63.327106	    54976.635546	19:26:14.1	44:29:17.5	10.420	 nan    nan
8702921	  19.38446	    54970.2139  	19:46:39.6	44:51:11.2	11.980	 nan    nan
9246715	 171.27688	    55170.51644 	20:03:48.3	45:36:14.8	9.266	 590    17
9291629	  20.68639	    54966.882   	19:43:37.6	45:43:26.8	13.957	 2970   140
9540226	 175.458827	    55115.624332	19:48:08.2	46:11:54.6	11.672	 nan    nan
9970396	 235.300	    55190.53    	19:54:50.4	46:49:58.8	11.447	 1150   65
10001167 120.3903	    54957.682   	19:07:49.4	46:56:11.8	10.050	 830    40   
